Algeria  73.131000  6406.8166213983  0.1
Angola  51.093000  5519.1831786593  2
Argentina  75.901000  15741.0457726686  0.5
Armenia  74.241000  4748.9285847709  0.1
Australia  81.907000  34642.3881322622  0.1
Austria  80.854000  36871.0713518887  0.3
Azerbaijan  70.739000  9387.3894968711  0.1
Bahamas  75.620000  21470.8042038124  3.1
Bangladesh  68.944000  1669.8742708098  0.06
Barbados  76.835000  16173.6500947241  1.4
Belarus  70.349000  13224.027285024  0.3
Belgium  80.009000  33047.962421756  0.2
Belize  76.072000  7255.0052259868  2.3
Benin  56.081000  1457.2156484926  1.2
Bhutan  67.185000  5640.9045667108  0.2
Bolivia  66.618000  4171.3682133828  0.2
Botswana  53.183000  13625.1153757631  24.8
Brazil  73.488000  10373.4063741753  0.45
Bulgaria  73.371000  11285.5666613832  0.1
Burkina_Faso  55.439000  1343.485462962  1.2
Burundi  50.411000  484.1486440857  3.3
Cambodia  63.125000  1949.5895842055  0.5
Cameroon  51.610000  2033.2328763061  5.3
Canada  81.012000  35689.5711893256  0.2
Central_African_Rep.  48.398000  694.7216693624  4.7
Chad  49.553000  1745.674492437  3.4
Chile  79.120000  14620.8725123289  0.4
China  73.456000  8848.0922665783  0.1
Colombia  73.703000  7767.635064642  0.5
Comoros  61.061000  1023.8986057263  0.1
Congo_Rep.  57.379000  4110.5342829316  3.4
Costa_Rica  79.311000  10427.7393552159  0.3
Cote_d'Ivoire  55.377000  1397.8773317491  3.4
Croatia  76.640000  13920.2729015583  0.06
Cuba  79.143000  9565.8850903697  0.1
Czech_Rep.  77.685000  22859.9547488412  0.06
Denmark  78.826000  32868.9613829106  0.2
Djibouti  57.937000  2241.5106588837  2.5
Dominican_Rep.  73.396000  6838.8589189469  0.9
Ecuador  75.632000  7681.5391645892  0.4
Egypt  73.235000  6116.6137308978  0.06
El_Salvador  72.196000  5644.1634173198  0.8
Equatorial_Guinea  51.088000  15459.9933057085  5
Eritrea  61.597000  591.4616876682  0.8
Estonia  74.825000  18016.3240596977  1.2
Fiji  69.245000  4122.4139823387  0.1
Finland  79.977000  31975.6054416712  0.1
France  81.539000  30235.3599410896  0.4
Gabon  62.703000  13905.667632079  5.2
Gambia  58.491000  798.5520528456  2
Georgia  73.737000  4659.3832447998  0.1
Germany  80.414000  33734.8089612067  0.1
Ghana  64.228000  1641.301117215  1.8
Greece  79.915000  23605.6187045046  0.1
Guatemala  71.172000  5241.3399701983  0.8
Guinea  54.097000  949.018237681  1.3
Guinea-Bissau  48.132000  608.1557060434  2.5
Guyana  69.927000  4082.566975287  1.2
Haiti  62.095000  1193.8654722765  1.9
Honduras  73.126000  3517.3177711098  0.8
Hungary  74.414000  17329.5954525358  0.06
Iceland  81.804000  33948.1246973644  0.3
India  65.438000  3162.6105770108  0.3
Indonesia  69.366000  4179.3469061666  0.2
Iran  72.974000  12474.9937581591  0.2
Ireland  80.557000  34420.4659837028  0.2
Israel  81.618000  26957.718655523  0.2
Italy  81.855000  26559.1355938178  0.3
Jamaica  73.127000  6969.5636108753  1.7
Japan  83.394000  30487.9385074249  0.06
Kazakhstan  67.017000  11523.6711006026  0.1
Kenya  57.134000  1496.4672798534  6.3
Korea_Rep.  80.642000  26206.2504808999  0.06
Kyrgyzstan  67.714000  2111.7187025958  0.3
Laos  67.484000  2578.5014771175  0.2
Latvia  73.339000  13854.8234314195  0.7
Lebanon  72.640000  13488.8902835598  0.1
Lesotho  48.196000  1874.8470074844  23.6
Liberia  56.786000  425.363698837  1.5
Lithuania  72.231000  16400.3325389326  0.1
Luxembourg  79.963000  70061.7297270839  0.3
Madagascar  66.718000  976.3200262347  0.2
Malawi  54.210000  865.5453156824  11
Malaysia  74.221000  13836.9559209273  0.5
Maldives  76.848000  5818.9235158421  0.06
Mali  51.444000  1116.7089996134  1
Malta  79.634000  22116.1478961234  0.1
Mauritania  58.582000  1838.7935405063  0.7
Mauritius  73.373000  12771.755287649  1
Mexico  76.954000  11684.3034498436  0.3
Moldova  69.317000  2964.1351094086  0.4
Mongolia  68.498000  3865.3708787394  0.06
Morocco  72.150000  4409.3795045963  0.1
Mozambique  50.239000  999.7113476583  11.5
Myanmar  65.193000  1590.148164357  0.6
Namibia  62.465000  5338.5969692153  13.1
Nepal  68.795000  1306.7064642621  0.4
Netherlands  80.734000  36895.8365662323  0.2
New_Zealand  80.654000  24031.0499155447  0.1
Nicaragua  74.044000  2887.9629908008  0.2
Niger  54.675000  668.0272152608  0.8
Nigeria  51.879000  2396.6197150438  3.6
Norway  81.097000  46882.0523002999  0.1
Oman  72.974000  24334.004909283  0.1
Pakistan  65.437000  2640.2577997727  0.1
Panama  76.128000  12502.2532596371  0.9
Papua_New_Guinea  62.791000  2203.5997444907  0.9
Paraguay  72.477000  4687.6917655678  0.3
Peru  73.990000  8864.580288561  0.4
Philippines  68.749000  3441.4235950976  0.06
Poland  76.126000  17928.3341702767  0.1
Portugal  79.499000  19905.954788494  0.6
Qatar  78.371000  93818.2386441632  0.06
Romania  73.979000  10964.4165597028  0.1
Russia  68.823000  14737.6335974726  1
Rwanda  55.442000  1123.5493292193  2.9
Senegal  59.318000  1766.9989911676  0.9
Serbia  74.522000  9719.4334675106  0.1
Sierra_Leone  47.794000  924.4083303686  1.6
Singapore  81.126000  49683.2670995027  0.1
Slovak_Republic  75.446000  20364.9079929675  0.06
Slovenia  79.341000  24873.7319205515  0.06
Somalia  51.219000  943.0354534601  0.7
South_Africa  52.797000  9482.0906633484  17.8
Spain  81.404000  26766.8617689654  0.4
Sri_Lanka  74.941000  4901.3384293941  0.06
Sudan  61.452000  3181.9258911778  1.1
Suriname  70.563000  8706.3139714571  1
Swaziland  48.718000  4728.5938167763  25.9
Sweden  81.439000  34395.3141329852  0.1
Switzerland  82.338000  37942.4684335112  0.4
Tajikistan  67.529000  1842.5694444444  0.2
Tanzania  58.199000  1348.3649791578  5.6
Thailand  74.126000  7982.6111904024  1.3
Togo  57.062000  933.1801283236  3.2
Trinidad_and_Tobago  70.124000  17459.8497528422  1.5
Tunisia  74.515000  7520.8255283302  0.06
Turkey  73.979000  9148.3311483061  0.06
Uganda  54.116000  1277.8056002433  6.5
Ukraine  68.494000  6379.5811237656  1.1
United_Kingdom  80.170000  31330.4772417653  0.2
United_States  78.531000  41728.1408911567  0.6
Uruguay  77.005000  12741.7920245887  0.5
Uzbekistan  68.287000  2947.2040023747  0.1
Vietnam  75.181000  2961.8346049002  0.4
Zambia  49.025000  1476.9348293191  13.5
Zimbabwe  51.384000  511.25840755  14.3
